Final time = 1e-8 s

Number of species: 77
Number of reactions: 68
Glucose feeding rate: 0.23 mmol/s
Maximum derivative at final time: 0.828093371578
Growth rate at final time: 0.0990782674225 h-1

Concentrations
ACCOA : 0.154743005197
ACO : 0.0321498018175
ACP : 0.0143909273595
AKG : 0.597870323844
BPG : 0.0654105657862
CIT : 0.0895304736844
DAP : 0.437094067658
E4P : 0.131299932173
F6P : 0.261766478741
FDP : 0.281808159864
FUM : 0.213114978422
G6P : 0.861129502441
GAP : 0.117183109597
GL6P : 0.0032616520336
GLX : 0.00881041031116
ICIT : 0.105782426192
KDPG : 0.0868176890659
MAL : 1.03215312349
NAD : 1.41154365228
NADH : 0.158456348419
NADP : 0.167837207108
NADPH : 0.0891627925196
OAA : 0.127839589734
PEP : 0.997038344331
PGA2 : 0.378297104707
PGA3 : 0.696274165244
PGN : 0.131599781202
PYR : 0.236891381335
Q : 0.326117384177
QH2 : 0.673882615475
R5P : 0.106841687533
RU5P : 0.341826588052
S7P : 0.141985142359
SUC : 0.216055294884
SUCCOA : 0.0410877780108
X5P : 0.506017991064
ei : 0.000334013034585
eiP : 0.00638116273837
eiia : 0.0142018557253
eiiaP : 0.480568543951
eiicb : 4.71909672153e-05
eiicbP : 0.000342621394233
hpr : 0.000191211795334
hprP : 0.00525081181408
icd : 0.000542743814193
icdP : 0.0514572567075
tal : 0.00278094383903
talC3 : 0.0572190561261
tkt : 0.0138307829063
tktC2 : 0.0561692170122
ADP : 0.598314702968
AMP : 0.186252612969
ATP : 2.57220146109
CAMP : 0.923131385716
P : 9.76394785651
FAD : 0.253914296785
FADH2 : 0.746085703292
ACEx : 0.000186707816319
GLCx : 0.00633336974767
ACEx_0 : 0.000186687071642
Hout : 5.37448236127e-05
GLCp : 0.00403336144603
Pp : 9.99942809601
ACEp : 0.000186697443976

Reaction rates
PGI : 0.168300882962
PFK : 0.184240121039
FBA : 0.184124692365
TPI : 0.184124692365
GDH : 0.388254255871
PGK : 0.388254255871
GPM : 0.364998384768
ENO : 0.364998384768
PYK : 0.158113324055
ZWF : 0.0585065950873
PGL : 0.0585065638765
GND : 0.0421477587998
RPE : 0.0169246790406
RPI : 0.0252230797593
X5P_GAP_TKT : 0.0169246790406
F6P_E4P_TKT : 0.00565512194331
S7P_R5P_TKT : 0.0112695570973
F6P_GAP_TAL : 0.0112695570972
S7P_E4P_TAL : 0.0112695570973
FBP : 0.000115428673595
PPC : 0.0794240906777
PCK : 0.110587842418
PPS : 1.50576454996e-05
MAD : 0.0221668918001
PDH : 0.382561687235
GLT : 0.226353738788
ACN_1 : 0.226353738788
ACN_2 : 0.226353738788
ICD : 0.128437874907
LPD : 0.111649612927
SK : 0.111649612927
SDH : 0.209565476808
FUMA : 0.209565476808
MQO : 2.79643850056
MDH : 2.51112405167
ACEA : 0.0979158638807
ACEB : 0.0979158638807
ACEK_1 : 0.00170794107894
ACEK_2 : 0.00170794107894
EDD : 0.0163588362875
EDA : 0.0163588362875
NADH_req : 0.377639606083
PNT_req : -0.0507763549331
ADK : 0.025982231468
ATP_syn : 1.76723164912
CYA : 0.00764124060651
DOS : 0.00764124060649
ACK : 0.0183269704494
ACS : 0.0183259332169
PTA : 0.0183269704494
PTS_0 : 0.23
PTS_1 : 0.23
PTS_2 : 0.229999999999
PTS_3 : 0.229999999988
PTS_4 : 0.229999607035
GLC_feed : 0.23
CYTBO : 0.701944793731
SQR : 0.209565476808
NDHII : 0.531370055683
GROWTH : 2.75217409507e-05
ATP_MAINTENANCE : 1.25544217203
XCH_GLC : 0.022976264141
PIT : 0.0571901776954
XCH_P : 0.00190638296995
XCH_ACE1 : 1.03719557408e-07
_ACE_OUT : 1.03723337004e-06
XCH_ACE2 : 1.03719465219e-07
GL6P_HYDROLYSIS : 3.1210762023e-08

