Concentrations
ACCOA : 0.154743143154
ACO : 0.0321499046673
ACP : 0.014390859794
AKG : 0.597871175927
BPG : 0.0654103624354
CIT : 0.089530759927
DAP : 0.437094180889
E4P : 0.131299879003
F6P : 0.261765942509
FDP : 0.281808307771
FUM : 0.213115216915
G6P : 0.861127924607
GAP : 0.117183139585
GL6P : 0.00326164472424
GLX : 0.00881040991595
ICIT : 0.105782764787
KDPG : 0.0868176645993
MAL : 1.03215426286
NAD : 1.41154351709
NADH : 0.158456483608
NADP : 0.167837128955
NADPH : 0.0891628706722
OAA : 0.127839514132
PEP : 0.997038522272
PGA2 : 0.378297185311
PGA3 : 0.696274321008
PGN : 0.1315994925
PYR : 0.236891480979
Q : 0.326117208362
QH2 : 0.673882791289
R5P : 0.106841502575
RU5P : 0.341825993578
S7P : 0.141984651761
SUC : 0.216055634319
SUCCOA : 0.0410879201814
X5P : 0.506017131675
ei : 0.000334013238323
eiP : 0.00638116253463
eiia : 0.0142018566359
eiiaP : 0.480568543041
eiicb : 4.71909675395e-05
eiicbP : 0.000342621393909
hpr : 0.000191211808118
hprP : 0.00525081180129
icd : 0.000542744239959
icdP : 0.0514572562818
tal : 0.00278095006801
talC3 : 0.0572190498971
tkt : 0.0138308021355
tktC2 : 0.056169197783
ADP : 0.598316263495
AMP : 0.186253464814
ATP : 2.57219959147
CAMP : 0.923130842956
P : 9.76389687578
FAD : 0.253914074052
FADH2 : 0.746085926025
ACEx : 0.000186707627227
GLCx : 0.0271049879542
ACEx_0 : 0.00018650038027
Hout : 5.37448466767e-05
GLCp : 0.00403336973152
Pp : 9.98285276388
ACEp : 0.000186604003748
