Initial concentration of GLCx = 66.05 mmol/L (taken from Lund medium composition)
Time: 6000 s (looking at the graph, when everything is more or less constant and
system hasn't died yet)
GLC_feed = 0

Number of species: 77
Number of reactions: 68
Glucose feeding rate: 0.0 mmol/s
Maximum derivative at final time: 0.00678192800297
Growth rate at final time: 0.408688914515 h-1
Concentrations
ACCOA : 0.810612113646
ACO : 0.34576103679
ACP : 0.0476906476246
AKG : 0.976554225513
BPG : 0.0111636086565
CIT : 0.996321256965
DAP : 1.43579826729
E4P : 0.4047210586
F6P : 0.666976861509
FDP : 3.08458785348
FUM : 0.334223188308
G6P : 3.19344739655
GAP : 0.37885251982
GL6P : 0.0258445326338
GLX : 0.000682291793837
ICIT : 1.10102674887
KDPG : 0.797143528838
MAL : 1.59147826318
NAD : 1.01707579225
NADH : 0.552924208446
NADP : 0.123343327759
NADPH : 0.133656671868
OAA : 0.0358448466658
PEP : 0.156862403279
PGA2 : 0.0823971626701
PGA3 : 0.173375631173
PGN : 1.07771712188
PYR : 0.499695710125
Q : 0.121449114268
QH2 : 0.878550885384
R5P : 0.239878175567
RU5P : 0.789759070118
S7P : 0.254863191599
SUC : 5.65301155853
SUCCOA : 0.897819159487
X5P : 1.19650401132
ei : 0.00482370908088
eiP : 0.00189146669207
eiia : 0.166570767779
eiiaP : 0.328199631897
eiicb : 0.000219710084929
eiicbP : 0.000170102276519
hpr : 0.00213457042749
hprP : 0.00330745318192
icd : 0.00064755898107
icdP : 0.0513524415406
tal : 0.00352652421485
talC3 : 0.0564734757503
tkt : 0.0165819204813
tktC2 : 0.0534180794372
ADP : 0.870509917639
AMP : 0.53483207716
ATP : 2.17586558429
CAMP : 0.698692583683
P : 6.82096513114
FAD : 0.012681548617
FADH2 : 0.98731845146
ACEx : 0.000884882070987
GLCx : 25.1808134327
ACEx_0 : 0.000883902416902
Hout : 5.85190850263e-05
GLCp : 24.774202829
Pp : 9.92939563936
ACEp : 0.000884392245623
Reaction rates
PGI : 0.582468189872
PFK : 0.562949407962
FBA : 0.562846557415
TPI : 0.562846568707
GDH : 1.13599488898
PGK : 1.13599488772
GPM : 1.04006649486
ENO : 1.04006648331
PYK : 0.14698678537
ZWF : 0.0842237164498
PGL : 0.0842236087647
GND : 0.0465148560533
RPE : -0.0150810512638
RPI : 0.0615960147123
X5P_GAP_TKT : -0.0150808908341
F6P_E4P_TKT : -0.0191199150167
S7P_R5P_TKT : 0.00403902858958
F6P_GAP_TAL : 0.00403909701606
S7P_E4P_TAL : 0.0040390938963
FBP : 0.000102899125932
PPC : 0.245837872042
PCK : 0.0658370123263
PPS : 4.41641871516e-05
MAD : 0.00698456696554
PDH : 0.689743436223
GLT : 0.43840144983
ACN_1 : 0.438401523825
ACN_2 : 0.438401549276
ICD : 0.427509681163
LPD : 0.358259618252
SK : 0.358259850416
SDH : 0.369153283722
FUMA : 0.369153262386
MQO : 2.64401566536
MDH : 2.27095512545
ACEA : 0.0108919487767
ACEB : 0.0108919485856
ACEK_1 : 0.00170453445112
ACEK_2 : 0.00170453445004
EDD : 0.0377089969255
EDA : 0.0377090480771
NADH_req : 0.7494067324
PNT_req : -0.596184403038
ADK : 0.0912389363923
ATP_syn : 3.2549464162
CYA : 0.00577864029248
DOS : 0.00577860661048
ACK : 0.0854210324953
ACS : 0.0854161352646
PTA : 0.0854210235438
PTS_0 : 0.679860238359
PTS_1 : 0.679860237512
PTS_2 : 0.679860227935
PTS_3 : 0.679860191774
PTS_4 : 0.679860260755
GLC_feed : 0.0
CYTBO : 1.28225772457
SQR : 0.369153287387
NDHII : 1.07289488615
GROWTH : 0.000113524698476
ATP_MAINTENANCE : 0.705228633686
XCH_GLC : 0.678192800297
PIT : 0.235903061448
XCH_P : 0.235903061641
XCH_ACE1 : 4.89738715175e-06
_ACE_OUT : 4.91096182831e-06
XCH_ACE2 : 4.89742119999e-06
GL6P_HYDROLYSIS : 1.10925749971e-07

