GLT vs LPD
X [ 5.70584 11.41168 17.11752 22.82336 28.5292  34.23504 39.94088 45.64672
 51.35256 57.0584 ]
Y [0.00684413 0.01368826 0.02053239 0.02737652 0.03422065 0.04106478
 0.04790891 0.05475304 0.06159717 0.0684413 ]
[[2.90835237e+08 5.81670474e+08 8.72505711e+08 1.16334095e+09
  1.45417619e+09 1.74501142e+09 2.03584666e+09 2.32668190e+09
  2.61751713e+09 2.90835237e+09]
 [5.81670474e+08 1.16334095e+09 1.74501142e+09 2.32668190e+09
  2.90835237e+09 3.49002284e+09 4.07169332e+09 4.65336379e+09
  5.23503427e+09 5.81670474e+09]
 [8.72505711e+08 1.74501142e+09 2.61751713e+09 3.49002284e+09
  4.36252856e+09 5.23503427e+09 6.10753998e+09 6.98004569e+09
  7.85255140e+09 8.72505711e+09]
 [1.16334095e+09 2.32668190e+09 3.49002284e+09 4.65336379e+09
  5.81670474e+09 6.98004569e+09 8.14338664e+09 9.30672759e+09
  1.04700685e+10 1.16334095e+10]
 [1.45417619e+09 2.90835237e+09 4.36252856e+09 5.81670474e+09
  7.27088093e+09 8.72505711e+09 1.01792333e+10 1.16334095e+10
  1.30875857e+10 1.45417619e+10]
 [1.74501142e+09 3.49002284e+09 5.23503427e+09 6.98004569e+09
  8.72505711e+09 1.04700685e+10 1.22150800e+10 1.39600914e+10
  1.57051028e+10 1.74501142e+10]
 [2.03584666e+09 4.07169332e+09 6.10753998e+09 8.14338664e+09
  1.01792333e+10 1.22150800e+10 1.42509266e+10 1.62867733e+10
  1.83226199e+10 2.03584666e+10]
 [2.32668190e+09 4.65336379e+09 6.98004569e+09 9.30672759e+09
  1.16334095e+10 1.39600914e+10 1.62867733e+10 1.86134552e+10
  2.09401371e+10 2.32668190e+10]
 [2.61751713e+09 5.23503427e+09 7.85255140e+09 1.04700685e+10
  1.30875857e+10 1.57051028e+10 1.83226199e+10 2.09401371e+10
  2.35576542e+10 2.61751713e+10]
 [2.90835237e+09 5.81670474e+09 8.72505711e+09 1.16334095e+10
  1.45417619e+10 1.74501142e+10 2.03584666e+10 2.32668190e+10
  2.61751713e+10 2.90835237e+10]]

GLT vs LPD
X [ 5.70584 11.41168 17.11752 22.82336 28.5292  34.23504 39.94088 45.64672
 51.35256 57.0584 ]
Y [0.00684413 0.01368826 0.02053239 0.02737652 0.03422065 0.04106478
 0.04790891 0.05475304 0.06159717 0.0684413 ]
[[2.90835237e+08 5.81670474e+08 8.72505711e+08 1.16334095e+09
  1.45417619e+09 1.74501142e+09 2.03584666e+09 2.32668190e+09
  2.61751713e+09 2.90835237e+09]
 [5.81670474e+08 1.16334095e+09 1.74501142e+09 2.32668190e+09
  2.90835237e+09 3.49002284e+09 4.07169332e+09 4.65336379e+09
  5.23503427e+09 5.81670474e+09]
 [8.72505711e+08 1.74501142e+09 2.61751713e+09 3.49002284e+09
  4.36252856e+09 5.23503427e+09 6.10753998e+09 6.98004569e+09
  7.85255140e+09 8.72505711e+09]
 [1.16334095e+09 2.32668190e+09 3.49002284e+09 4.65336379e+09
  5.81670474e+09 6.98004569e+09 8.14338664e+09 9.30672759e+09
  1.04700685e+10 1.16334095e+10]
 [1.45417619e+09 2.90835237e+09 4.36252856e+09 5.81670474e+09
  7.27088093e+09 8.72505711e+09 1.01792333e+10 1.16334095e+10
  1.30875857e+10 1.45417619e+10]
 [1.74501142e+09 3.49002284e+09 5.23503427e+09 6.98004569e+09
  8.72505711e+09 1.04700685e+10 1.22150800e+10 1.39600914e+10
  1.57051028e+10 1.74501142e+10]
 [2.03584666e+09 4.07169332e+09 6.10753998e+09 8.14338664e+09
  1.01792333e+10 1.22150800e+10 1.42509266e+10 1.62867733e+10
  1.83226199e+10 2.03584666e+10]
 [2.32668190e+09 4.65336379e+09 6.98004569e+09 9.30672759e+09
  1.16334095e+10 1.39600914e+10 1.62867733e+10 1.86134552e+10
  2.09401371e+10 2.32668190e+10]
 [2.61751713e+09 5.23503427e+09 7.85255140e+09 1.04700685e+10
  1.30875857e+10 1.57051028e+10 1.83226199e+10 2.09401371e+10
  2.35576542e+10 2.61751713e+10]
 [2.90835237e+09 5.81670474e+09 8.72505711e+09 1.16334095e+10
  1.45417619e+10 1.74501142e+10 2.03584666e+10 2.32668190e+10
  2.61751713e+10 2.90835237e+10]]

GLT vs LPD
X [ 5.70584 11.41168 17.11752 22.82336 28.5292  34.23504 39.94088 45.64672
 51.35256 57.0584 ]
Y [0.00684413 0.01368826 0.02053239 0.02737652 0.03422065 0.04106478
 0.04790891 0.05475304 0.06159717 0.0684413 ]
[[3.43523184e+16 3.43242119e+16 3.43858472e+16 3.43512747e+16
  3.43317712e+16 3.43570511e+16 3.43626403e+16 3.43522017e+16
  3.43442641e+16 3.43631270e+16]
 [3.43532354e+16 3.43178099e+16 3.43532095e+16 3.43121285e+16
  3.43623894e+16 3.43068021e+16 3.43212937e+16 3.43578077e+16
  3.43452934e+16 3.43623112e+16]
 [3.43431305e+16 3.43570338e+16 3.43284423e+16 3.43457265e+16
  3.43134909e+16 3.43272583e+16 3.43467014e+16 3.43126629e+16
  3.43728401e+16 3.43541498e+16]
 [3.44030718e+16 3.43324768e+16 3.43815392e+16 3.43598856e+16
  3.43425478e+16 3.43779816e+16 3.43546902e+16 3.43783260e+16
  3.43806724e+16 3.43442998e+16]
 [3.43234774e+16 3.43373188e+16 3.43417881e+16 3.43548863e+16
  3.43306932e+16 3.43502980e+16 3.43431395e+16 3.43329402e+16
  3.43348270e+16 3.43213939e+16]
 [3.43081252e+16 3.43389327e+16 3.43398948e+16 3.43895779e+16
  3.43442123e+16 3.43234839e+16 3.43322133e+16 3.43119791e+16
  3.43341367e+16 3.43539410e+16]
 [3.43288067e+16 3.43281158e+16 3.43336909e+16 3.43646365e+16
  3.43452432e+16 3.43585375e+16 3.43294668e+16 3.43921604e+16
  3.43654489e+16 3.43581303e+16]
 [3.43369926e+16 3.43387240e+16 3.43753608e+16 3.43439993e+16
  3.43373252e+16 3.43751487e+16 3.43468450e+16 3.43221720e+16
  3.43533262e+16 3.43656824e+16]
 [3.43194606e+16 3.43066896e+16 3.43408833e+16 3.43458288e+16
  3.43313449e+16 3.43411470e+16 3.43353184e+16 3.43459781e+16
  3.43269295e+16 3.43293245e+16]
 [3.43376940e+16 3.43275959e+16 3.43487370e+16 3.43156525e+16
  3.43508560e+16 3.43301882e+16 3.43551555e+16 3.43460898e+16
  3.43069063e+16 3.43509278e+16]]

