GLT vs ATP_syn
X [ 5.70584 11.41168 17.11752 22.82336 28.5292  34.23504 39.94088 45.64672
 51.35256 57.0584 ]
Y [ 10.8733  21.7466  32.6199  43.4932  54.3665  65.2398  76.1131  86.9864
  97.8597 108.733 ]
[[4.62051244e+11 9.24102489e+11 1.38615373e+12 1.84820498e+12
  2.31025622e+12 2.77230747e+12 3.23435871e+12 3.69640995e+12
  4.15846120e+12 4.62051244e+12]
 [9.24102489e+11 1.84820498e+12 2.77230747e+12 3.69640995e+12
  4.62051244e+12 5.54461493e+12 6.46871742e+12 7.39281991e+12
  8.31692240e+12 9.24102489e+12]
 [1.38615373e+12 2.77230747e+12 4.15846120e+12 5.54461493e+12
  6.93076866e+12 8.31692240e+12 9.70307613e+12 1.10892299e+13
  1.24753836e+13 1.38615373e+13]
 [1.84820498e+12 3.69640995e+12 5.54461493e+12 7.39281991e+12
  9.24102489e+12 1.10892299e+13 1.29374348e+13 1.47856398e+13
  1.66338448e+13 1.84820498e+13]
 [2.31025622e+12 4.62051244e+12 6.93076866e+12 9.24102489e+12
  1.15512811e+13 1.38615373e+13 1.61717936e+13 1.84820498e+13
  2.07923060e+13 2.31025622e+13]
 [2.77230747e+12 5.54461493e+12 8.31692240e+12 1.10892299e+13
  1.38615373e+13 1.66338448e+13 1.94061523e+13 2.21784597e+13
  2.49507672e+13 2.77230747e+13]
 [3.23435871e+12 6.46871742e+12 9.70307613e+12 1.29374348e+13
  1.61717936e+13 1.94061523e+13 2.26405110e+13 2.58748697e+13
  2.91092284e+13 3.23435871e+13]
 [3.69640995e+12 7.39281991e+12 1.10892299e+13 1.47856398e+13
  1.84820498e+13 2.21784597e+13 2.58748697e+13 2.95712796e+13
  3.32676896e+13 3.69640995e+13]
 [4.15846120e+12 8.31692240e+12 1.24753836e+13 1.66338448e+13
  2.07923060e+13 2.49507672e+13 2.91092284e+13 3.32676896e+13
  3.74261508e+13 4.15846120e+13]
 [4.62051244e+12 9.24102489e+12 1.38615373e+13 1.84820498e+13
  2.31025622e+13 2.77230747e+13 3.23435871e+13 3.69640995e+13
  4.15846120e+13 4.62051244e+13]]

GLT vs ATP_syn
X [ 5.70584 11.41168 17.11752 22.82336 28.5292  34.23504 39.94088 45.64672
 51.35256 57.0584 ]
Y [ 10.8733  21.7466  32.6199  43.4932  54.3665  65.2398  76.1131  86.9864
  97.8597 108.733 ]
[[4.62051244e+11 9.24102489e+11 1.38615373e+12 1.84820498e+12
  2.31025622e+12 2.77230747e+12 3.23435871e+12 3.69640995e+12
  4.15846120e+12 4.62051244e+12]
 [9.24102489e+11 1.84820498e+12 2.77230747e+12 3.69640995e+12
  4.62051244e+12 5.54461493e+12 6.46871742e+12 7.39281991e+12
  8.31692240e+12 9.24102489e+12]
 [1.38615373e+12 2.77230747e+12 4.15846120e+12 5.54461493e+12
  6.93076866e+12 8.31692240e+12 9.70307613e+12 1.10892299e+13
  1.24753836e+13 1.38615373e+13]
 [1.84820498e+12 3.69640995e+12 5.54461493e+12 7.39281991e+12
  9.24102489e+12 1.10892299e+13 1.29374348e+13 1.47856398e+13
  1.66338448e+13 1.84820498e+13]
 [2.31025622e+12 4.62051244e+12 6.93076866e+12 9.24102489e+12
  1.15512811e+13 1.38615373e+13 1.61717936e+13 1.84820498e+13
  2.07923060e+13 2.31025622e+13]
 [2.77230747e+12 5.54461493e+12 8.31692240e+12 1.10892299e+13
  1.38615373e+13 1.66338448e+13 1.94061523e+13 2.21784597e+13
  2.49507672e+13 2.77230747e+13]
 [3.23435871e+12 6.46871742e+12 9.70307613e+12 1.29374348e+13
  1.61717936e+13 1.94061523e+13 2.26405110e+13 2.58748697e+13
  2.91092284e+13 3.23435871e+13]
 [3.69640995e+12 7.39281991e+12 1.10892299e+13 1.47856398e+13
  1.84820498e+13 2.21784597e+13 2.58748697e+13 2.95712796e+13
  3.32676896e+13 3.69640995e+13]
 [4.15846120e+12 8.31692240e+12 1.24753836e+13 1.66338448e+13
  2.07923060e+13 2.49507672e+13 2.91092284e+13 3.32676896e+13
  3.74261508e+13 4.15846120e+13]
 [4.62051244e+12 9.24102489e+12 1.38615373e+13 1.84820498e+13
  2.31025622e+13 2.77230747e+13 3.23435871e+13 3.69640995e+13
  4.15846120e+13 4.62051244e+13]]

GLT vs ATP_syn
X [ 5.70584 11.41168 17.11752 22.82336 28.5292  34.23504 39.94088 45.64672
 51.35256 57.0584 ]
Y [ 10.8733  21.7466  32.6199  43.4932  54.3665  65.2398  76.1131  86.9864
  97.8597 108.733 ]
[[3.43503896e+16 3.43339934e+16 3.43487918e+16 3.43399784e+16
  3.43399780e+16 3.43172723e+16 3.43590571e+16 3.43848379e+16
  3.43825711e+16 3.43285078e+16]
 [3.43196361e+16 3.43581841e+16 3.43294632e+16 3.43295397e+16
  3.43423734e+16 3.43613804e+16 3.43496840e+16 3.43215476e+16
  3.43430459e+16 3.43715759e+16]
 [3.42992259e+16 3.43347419e+16 3.43802613e+16 3.43396923e+16
  3.43616922e+16 3.43206870e+16 3.43455684e+16 3.43443285e+16
  3.43752083e+16 3.43993519e+16]
 [3.43103332e+16 3.43582929e+16 3.43317281e+16 3.43111787e+16
  3.43641797e+16 3.43200401e+16 3.43458935e+16 3.43253152e+16
  3.43794062e+16 3.43426383e+16]
 [3.43354174e+16 3.43841628e+16 3.43244694e+16 3.43369730e+16
  3.43247277e+16 3.43235635e+16 3.43430089e+16 3.43650001e+16
  3.43249826e+16 3.43584364e+16]
 [3.43683414e+16 3.43617783e+16 3.43452209e+16 3.43478621e+16
  3.43219627e+16 3.43489732e+16 3.43511346e+16 3.43229351e+16
  3.43366151e+16 3.43495712e+16]
 [3.43502752e+16 3.43493683e+16 3.43091413e+16 3.43822392e+16
  3.43457690e+16 3.43452174e+16 3.43343515e+16 3.43356776e+16
  3.43416024e+16 3.43352698e+16]
 [3.43263515e+16 3.43528781e+16 3.43468636e+16 3.43345339e+16
  3.43426747e+16 3.43679767e+16 3.43258420e+16 3.43775425e+16
  3.43195007e+16 3.43394715e+16]
 [3.43340818e+16 3.43894655e+16 3.43630221e+16 3.43481312e+16
  3.43265804e+16 3.43474295e+16 3.43321781e+16 3.43466883e+16
  3.43528132e+16 3.43289006e+16]
 [3.43732446e+16 3.43657639e+16 3.43591806e+16 3.43824968e+16
  3.43786935e+16 3.43378721e+16 3.43259113e+16 3.43682312e+16
  3.43612350e+16 3.43216678e+16]]

