CITRA_SYN vs LPD
X [0.4 0.8 1.2 1.6 2.  2.4 2.8 3.2 3.6 4. ]
Y [0.00684413 0.01368826 0.02053239 0.02737652 0.03422065 0.04106478
 0.04790891 0.05475304 0.06159717 0.0684413 ]
[[2.03886009e+07 4.07772019e+07 6.11658028e+07 8.15544038e+07
  1.01943005e+08 1.22331606e+08 1.42720207e+08 1.63108808e+08
  1.83497409e+08 2.03886009e+08]
 [4.07772019e+07 8.15544038e+07 1.22331606e+08 1.63108808e+08
  2.03886009e+08 2.44663211e+08 2.85440413e+08 3.26217615e+08
  3.66994817e+08 4.07772019e+08]
 [6.11658028e+07 1.22331606e+08 1.83497409e+08 2.44663211e+08
  3.05829014e+08 3.66994817e+08 4.28160620e+08 4.89326423e+08
  5.50492226e+08 6.11658028e+08]
 [8.15544038e+07 1.63108808e+08 2.44663211e+08 3.26217615e+08
  4.07772019e+08 4.89326423e+08 5.70880826e+08 6.52435230e+08
  7.33989634e+08 8.15544038e+08]
 [1.01943005e+08 2.03886009e+08 3.05829014e+08 4.07772019e+08
  5.09715024e+08 6.11658028e+08 7.13601033e+08 8.15544038e+08
  9.17487043e+08 1.01943005e+09]
 [1.22331606e+08 2.44663211e+08 3.66994817e+08 4.89326423e+08
  6.11658028e+08 7.33989634e+08 8.56321240e+08 9.78652845e+08
  1.10098445e+09 1.22331606e+09]
 [1.42720207e+08 2.85440413e+08 4.28160620e+08 5.70880826e+08
  7.13601033e+08 8.56321240e+08 9.99041446e+08 1.14176165e+09
  1.28448186e+09 1.42720207e+09]
 [1.63108808e+08 3.26217615e+08 4.89326423e+08 6.52435230e+08
  8.15544038e+08 9.78652845e+08 1.14176165e+09 1.30487046e+09
  1.46797927e+09 1.63108808e+09]
 [1.83497409e+08 3.66994817e+08 5.50492226e+08 7.33989634e+08
  9.17487043e+08 1.10098445e+09 1.28448186e+09 1.46797927e+09
  1.65147668e+09 1.83497409e+09]
 [2.03886009e+08 4.07772019e+08 6.11658028e+08 8.15544038e+08
  1.01943005e+09 1.22331606e+09 1.42720207e+09 1.63108808e+09
  1.83497409e+09 2.03886009e+09]]

CITRA_SYN vs LPD
X [0.4 0.8 1.2 1.6 2.  2.4 2.8 3.2 3.6 4. ]
Y [0.00684413 0.01368826 0.02053239 0.02737652 0.03422065 0.04106478
 0.04790891 0.05475304 0.06159717 0.0684413 ]
[[2.03886009e+07 4.07772019e+07 6.11658028e+07 8.15544038e+07
  1.01943005e+08 1.22331606e+08 1.42720207e+08 1.63108808e+08
  1.83497409e+08 2.03886009e+08]
 [4.07772019e+07 8.15544038e+07 1.22331606e+08 1.63108808e+08
  2.03886009e+08 2.44663211e+08 2.85440413e+08 3.26217615e+08
  3.66994817e+08 4.07772019e+08]
 [6.11658028e+07 1.22331606e+08 1.83497409e+08 2.44663211e+08
  3.05829014e+08 3.66994817e+08 4.28160620e+08 4.89326423e+08
  5.50492226e+08 6.11658028e+08]
 [8.15544038e+07 1.63108808e+08 2.44663211e+08 3.26217615e+08
  4.07772019e+08 4.89326423e+08 5.70880826e+08 6.52435230e+08
  7.33989634e+08 8.15544038e+08]
 [1.01943005e+08 2.03886009e+08 3.05829014e+08 4.07772019e+08
  5.09715024e+08 6.11658028e+08 7.13601033e+08 8.15544038e+08
  9.17487043e+08 1.01943005e+09]
 [1.22331606e+08 2.44663211e+08 3.66994817e+08 4.89326423e+08
  6.11658028e+08 7.33989634e+08 8.56321240e+08 9.78652845e+08
  1.10098445e+09 1.22331606e+09]
 [1.42720207e+08 2.85440413e+08 4.28160620e+08 5.70880826e+08
  7.13601033e+08 8.56321240e+08 9.99041446e+08 1.14176165e+09
  1.28448186e+09 1.42720207e+09]
 [1.63108808e+08 3.26217615e+08 4.89326423e+08 6.52435230e+08
  8.15544038e+08 9.78652845e+08 1.14176165e+09 1.30487046e+09
  1.46797927e+09 1.63108808e+09]
 [1.83497409e+08 3.66994817e+08 5.50492226e+08 7.33989634e+08
  9.17487043e+08 1.10098445e+09 1.28448186e+09 1.46797927e+09
  1.65147668e+09 1.83497409e+09]
 [2.03886009e+08 4.07772019e+08 6.11658028e+08 8.15544038e+08
  1.01943005e+09 1.22331606e+09 1.42720207e+09 1.63108808e+09
  1.83497409e+09 2.03886009e+09]]

CITRA_SYN vs LPD
X [0.4 0.8 1.2 1.6 2.  2.4 2.8 3.2 3.6 4. ]
Y [0.00684413 0.01368826 0.02053239 0.02737652 0.03422065 0.04106478
 0.04790891 0.05475304 0.06159717 0.0684413 ]
[[3.43245369e+16 3.43267925e+16 3.43375076e+16 3.43597821e+16
  3.43439327e+16 3.43348150e+16 3.43331368e+16 3.42887605e+16
  3.43212012e+16 3.43394264e+16]
 [3.43319982e+16 3.43569604e+16 3.43592268e+16 3.43706921e+16
  3.43469435e+16 3.43522658e+16 3.43513714e+16 3.43645964e+16
  3.43608078e+16 3.43271969e+16]
 [3.43399971e+16 3.43237633e+16 3.43755866e+16 3.43625842e+16
  3.43317891e+16 3.43655728e+16 3.43639670e+16 3.43209972e+16
  3.43352708e+16 3.43714233e+16]
 [3.43384382e+16 3.43300166e+16 3.43566363e+16 3.43078579e+16
  3.43190737e+16 3.43408170e+16 3.43571163e+16 3.43303300e+16
  3.43537938e+16 3.43718370e+16]
 [3.43539648e+16 3.43743906e+16 3.43297207e+16 3.43586077e+16
  3.43493993e+16 3.43636778e+16 3.43623910e+16 3.43219538e+16
  3.43232460e+16 3.43624128e+16]
 [3.43919855e+16 3.43381869e+16 3.43035740e+16 3.43651096e+16
  3.43683518e+16 3.43923004e+16 3.43524468e+16 3.43308274e+16
  3.43606545e+16 3.43578708e+16]
 [3.43464051e+16 3.43241680e+16 3.43443466e+16 3.43097778e+16
  3.43770222e+16 3.43527518e+16 3.43482544e+16 3.43288073e+16
  3.43662745e+16 3.43493001e+16]
 [3.43062168e+16 3.43654320e+16 3.43551613e+16 3.43198249e+16
  3.43675061e+16 3.43576139e+16 3.43377569e+16 3.43724981e+16
  3.43555168e+16 3.43901656e+16]
 [3.43078961e+16 3.42942466e+16 3.43025755e+16 3.43520835e+16
  3.43647989e+16 3.43441032e+16 3.43249106e+16 3.43487052e+16
  3.43557948e+16 3.43314866e+16]
 [3.43653699e+16 3.43694806e+16 3.43147606e+16 3.43368184e+16
  3.43250410e+16 3.43573408e+16 3.43861664e+16 3.43134360e+16
  3.43363320e+16 3.43593023e+16]]

CITRA_SYN vs LPD
X [0.4 0.8 1.2 1.6 2.  2.4 2.8 3.2 3.6 4. ]
Y [0.00684413 0.01368826 0.02053239 0.02737652 0.03422065 0.04106478
 0.04790891 0.05475304 0.06159717 0.0684413 ]
[[0.0177695  0.01760125 0.0174225  0.01723196 0.01702875 0.01681229
  0.01658222 0.01633842 0.01608099 0.01581028]
 [0.02198313 0.02127428 0.02058248 0.01988338 0.01916876 0.01843647
  0.01768765 0.01692569 0.01615563 0.01538371]
 [0.02195019 0.02058927 0.01931833 0.01807727 0.01685245 0.01564575
  0.01446636 0.01332705 0.01224148 0.01122204]
 [0.02031107 0.01842974 0.01670895 0.01507982 0.01353414 0.01208289
  0.01074282 0.00952903 0.00845033 0.00750735]
 [0.01817525 0.01594027 0.01393976 0.01211248 0.01045794 0.00898978
  0.00771813 0.00664149 0.00574583 0.00500856]
 [0.01601739 0.0135729  0.01144347 0.00957727 0.00797373 0.0066343
  0.00554538 0.00467715 0.00399124 0.00344928]
 [0.014024   0.01148319 0.00933978 0.00754485 0.0060853  0.00493632
  0.00405315 0.00338113 0.00286848 0.00247306]
 [0.01225478 0.00970163 0.00762327 0.00596419 0.00468717 0.00373471
  0.00303498 0.00251978 0.00213507 0.00184207]
 [0.01071493 0.00820866 0.00624455 0.00475117 0.00366009 0.00288303
  0.00233125 0.00193363 0.00164024 0.00141806]
 [0.00938745 0.00696768 0.00514458 0.00382349 0.00290313 0.00227183
  0.00183427 0.00152308 0.00129482 0.00112226]]

