CITRA_SYN vs GLT
X [0.4 0.8 1.2 1.6 2.  2.4 2.8 3.2 3.6 4. ]
Y [ 5.70584 11.41168 17.11752 22.82336 28.5292  34.23504 39.94088 45.64672
 51.35256 57.0584 ]
[[1.69976454e+10 3.39952908e+10 5.09929362e+10 6.79905816e+10
  8.49882270e+10 1.01985872e+11 1.18983518e+11 1.35981163e+11
  1.52978809e+11 1.69976454e+11]
 [3.39952908e+10 6.79905816e+10 1.01985872e+11 1.35981163e+11
  1.69976454e+11 2.03971745e+11 2.37967036e+11 2.71962326e+11
  3.05957617e+11 3.39952908e+11]
 [5.09929362e+10 1.01985872e+11 1.52978809e+11 2.03971745e+11
  2.54964681e+11 3.05957617e+11 3.56950553e+11 4.07943490e+11
  4.58936426e+11 5.09929362e+11]
 [6.79905816e+10 1.35981163e+11 2.03971745e+11 2.71962326e+11
  3.39952908e+11 4.07943490e+11 4.75934071e+11 5.43924653e+11
  6.11915234e+11 6.79905816e+11]
 [8.49882270e+10 1.69976454e+11 2.54964681e+11 3.39952908e+11
  4.24941135e+11 5.09929362e+11 5.94917589e+11 6.79905816e+11
  7.64894043e+11 8.49882270e+11]
 [1.01985872e+11 2.03971745e+11 3.05957617e+11 4.07943490e+11
  5.09929362e+11 6.11915234e+11 7.13901107e+11 8.15886979e+11
  9.17872852e+11 1.01985872e+12]
 [1.18983518e+11 2.37967036e+11 3.56950553e+11 4.75934071e+11
  5.94917589e+11 7.13901107e+11 8.32884625e+11 9.51868142e+11
  1.07085166e+12 1.18983518e+12]
 [1.35981163e+11 2.71962326e+11 4.07943490e+11 5.43924653e+11
  6.79905816e+11 8.15886979e+11 9.51868142e+11 1.08784931e+12
  1.22383047e+12 1.35981163e+12]
 [1.52978809e+11 3.05957617e+11 4.58936426e+11 6.11915234e+11
  7.64894043e+11 9.17872852e+11 1.07085166e+12 1.22383047e+12
  1.37680928e+12 1.52978809e+12]
 [1.69976454e+11 3.39952908e+11 5.09929362e+11 6.79905816e+11
  8.49882270e+11 1.01985872e+12 1.18983518e+12 1.35981163e+12
  1.52978809e+12 1.69976454e+12]]

CITRA_SYN vs GLT
X [0.4 0.8 1.2 1.6 2.  2.4 2.8 3.2 3.6 4. ]
Y [ 5.70584 11.41168 17.11752 22.82336 28.5292  34.23504 39.94088 45.64672
 51.35256 57.0584 ]
[[1.69976454e+10 3.39952908e+10 5.09929362e+10 6.79905816e+10
  8.49882270e+10 1.01985872e+11 1.18983518e+11 1.35981163e+11
  1.52978809e+11 1.69976454e+11]
 [3.39952908e+10 6.79905816e+10 1.01985872e+11 1.35981163e+11
  1.69976454e+11 2.03971745e+11 2.37967036e+11 2.71962326e+11
  3.05957617e+11 3.39952908e+11]
 [5.09929362e+10 1.01985872e+11 1.52978809e+11 2.03971745e+11
  2.54964681e+11 3.05957617e+11 3.56950553e+11 4.07943490e+11
  4.58936426e+11 5.09929362e+11]
 [6.79905816e+10 1.35981163e+11 2.03971745e+11 2.71962326e+11
  3.39952908e+11 4.07943490e+11 4.75934071e+11 5.43924653e+11
  6.11915234e+11 6.79905816e+11]
 [8.49882270e+10 1.69976454e+11 2.54964681e+11 3.39952908e+11
  4.24941135e+11 5.09929362e+11 5.94917589e+11 6.79905816e+11
  7.64894043e+11 8.49882270e+11]
 [1.01985872e+11 2.03971745e+11 3.05957617e+11 4.07943490e+11
  5.09929362e+11 6.11915234e+11 7.13901107e+11 8.15886979e+11
  9.17872852e+11 1.01985872e+12]
 [1.18983518e+11 2.37967036e+11 3.56950553e+11 4.75934071e+11
  5.94917589e+11 7.13901107e+11 8.32884625e+11 9.51868142e+11
  1.07085166e+12 1.18983518e+12]
 [1.35981163e+11 2.71962326e+11 4.07943490e+11 5.43924653e+11
  6.79905816e+11 8.15886979e+11 9.51868142e+11 1.08784931e+12
  1.22383047e+12 1.35981163e+12]
 [1.52978809e+11 3.05957617e+11 4.58936426e+11 6.11915234e+11
  7.64894043e+11 9.17872852e+11 1.07085166e+12 1.22383047e+12
  1.37680928e+12 1.52978809e+12]
 [1.69976454e+11 3.39952908e+11 5.09929362e+11 6.79905816e+11
  8.49882270e+11 1.01985872e+12 1.18983518e+12 1.35981163e+12
  1.52978809e+12 1.69976454e+12]]

CITRA_SYN vs GLT
X [0.4 0.8 1.2 1.6 2.  2.4 2.8 3.2 3.6 4. ]
Y [ 5.70584 11.41168 17.11752 22.82336 28.5292  34.23504 39.94088 45.64672
 51.35256 57.0584 ]
[[3.43515237e+16 3.43471118e+16 3.43029927e+16 3.43281490e+16
  3.43489784e+16 3.43408187e+16 3.43721058e+16 3.43287364e+16
  3.43429865e+16 3.43362676e+16]
 [3.43410246e+16 3.43375195e+16 3.43400881e+16 3.43241678e+16
  3.43566323e+16 3.43464260e+16 3.44142940e+16 3.43476636e+16
  3.43097799e+16 3.43178087e+16]
 [3.43669393e+16 3.43588322e+16 3.43385674e+16 3.43401269e+16
  3.43412149e+16 3.43253340e+16 3.43852179e+16 3.43609838e+16
  3.43648918e+16 3.43759262e+16]
 [3.43324757e+16 3.43549679e+16 3.43476141e+16 3.43230617e+16
  3.43802292e+16 3.43603266e+16 3.43914767e+16 3.43795266e+16
  3.43447837e+16 3.43641824e+16]
 [3.43752668e+16 3.43339848e+16 3.43559106e+16 3.43349491e+16
  3.43482123e+16 3.43602921e+16 3.43438158e+16 3.43640025e+16
  3.43204719e+16 3.43560953e+16]
 [3.43369984e+16 3.43439389e+16 3.43376712e+16 3.43262784e+16
  3.43742304e+16 3.43575392e+16 3.43336898e+16 3.43495137e+16
  3.43091471e+16 3.43296374e+16]
 [3.43748184e+16 3.43364421e+16 3.43654033e+16 3.43465888e+16
  3.43495365e+16 3.43364977e+16 3.43622990e+16 3.43349331e+16
  3.43571554e+16 3.43644179e+16]
 [3.43364259e+16 3.43620030e+16 3.43128731e+16 3.43348146e+16
  3.43356096e+16 3.43390769e+16 3.43543635e+16 3.43329894e+16
  3.43495272e+16 3.43334453e+16]
 [3.43575444e+16 3.43444574e+16 3.43714425e+16 3.43183256e+16
  3.43523621e+16 3.43456987e+16 3.43841033e+16 3.43404276e+16
  3.43583621e+16 3.43321099e+16]
 [3.43203950e+16 3.43436870e+16 3.43498153e+16 3.43522651e+16
  3.43680129e+16 3.43335702e+16 3.43231042e+16 3.43699589e+16
  3.43468484e+16 3.43519309e+16]]

CITRA_SYN vs GLT
X [0.4 0.8 1.2 1.6 2.  2.4 2.8 3.2 3.6 4. ]
Y [ 5.70584 11.41168 17.11752 22.82336 28.5292  34.23504 39.94088 45.64672
 51.35256 57.0584 ]
[[3.43518734e+17 3.43527010e+17 3.43404628e+17 3.43488723e+17
  3.43416966e+17 3.43370439e+17 3.43392113e+17 3.43349837e+17
  3.43405940e+17 3.43401661e+17]
 [3.43331650e+17 3.43416616e+17 3.43457908e+17 3.43407189e+17
  3.43469977e+17 3.43420027e+17 3.43406406e+17 3.43405125e+17
  3.43339859e+17 3.43499157e+17]
 [3.43605140e+17 3.43395473e+17 3.43502667e+17 3.43378219e+17
  3.43448556e+17 3.43521542e+17 3.43580198e+17 3.43453416e+17
  3.43487482e+17 3.43434415e+17]
 [3.43390947e+17 3.43351607e+17 3.43350762e+17 3.43363270e+17
  3.43391658e+17 3.43358352e+17 3.43505228e+17 3.43441331e+17
  3.43468648e+17 3.43533174e+17]
 [3.43443549e+17 3.43378493e+17 3.43428387e+17 3.43435279e+17
  3.43438253e+17 3.43412811e+17 3.43495034e+17 3.43544437e+17
  3.43514840e+17 3.43446727e+17]
 [3.43462133e+17 3.43389131e+17 3.43443697e+17 3.43375270e+17
  3.43442759e+17 3.43383553e+17 3.43460086e+17 3.43478021e+17
  3.43434734e+17 3.43380512e+17]
 [3.43397042e+17 3.43377762e+17 3.43360857e+17 3.43414875e+17
  3.43506433e+17 3.43390554e+17 3.43485560e+17 3.43409003e+17
  3.43486812e+17 3.43540532e+17]
 [3.43388995e+17 3.43353445e+17 3.43447707e+17 3.43497467e+17
  3.43504034e+17 3.43378897e+17 3.43457117e+17 3.43321370e+17
  3.43463268e+17 3.43506740e+17]
 [3.43472723e+17 3.43567379e+17 3.43378469e+17 3.43470564e+17
  3.43385612e+17 3.43479074e+17 3.43503619e+17 3.43507952e+17
  3.43413312e+17 3.43427365e+17]
 [3.43403009e+17 3.43428126e+17 3.43430539e+17 3.43464843e+17
  3.43598052e+17 3.43426808e+17 3.43463971e+17 3.43384545e+17
  3.43504026e+17 3.43395414e+17]]

CITRA_SYN vs GLT
X [0.4 0.8 1.2 1.6 2.  2.4 2.8 3.2 3.6 4. ]
Y [ 5.70584 11.41168 17.11752 22.82336 28.5292  34.23504 39.94088 45.64672
 51.35256 57.0584 ]
[[5.51904080e-03 1.15098569e-02 1.47910883e-02 1.63260706e-02
  1.69353683e-02 1.70523191e-02 1.69015067e-02 1.66037889e-02
  1.62269410e-02 1.58102764e-02]
 [1.34045063e-03 3.42882040e-03 5.88915433e-03 8.27217429e-03
  1.03194157e-02 1.19631060e-02 1.32319312e-02 1.41854519e-02
  1.48849615e-02 1.53837080e-02]
 [6.28951886e-04 1.51423498e-03 2.63412819e-03 3.92671391e-03
  5.30575381e-03 6.68548461e-03 7.99900527e-03 9.20411249e-03
  1.02802075e-02 1.12220409e-02]
 [3.70726156e-04 8.55912191e-04 1.45748708e-03 2.16875376e-03
  2.97378773e-03 3.84899490e-03 4.76648027e-03 5.69803028e-03
  6.61841865e-03 7.50734980e-03]
 [2.46662449e-04 5.54174733e-04 9.25334194e-04 1.36071415e-03
  1.85813156e-03 2.41239760e-03 3.01547589e-03 3.65705758e-03
  4.32544737e-03 5.00855803e-03]
 [1.76984797e-04 3.90228403e-04 6.41696002e-04 9.32665138e-04
  1.26350932e-03 1.63351369e-03 2.04076079e-03 2.48211736e-03
  2.95333777e-03 3.44927593e-03]
 [1.33688669e-04 2.90768992e-04 4.72535977e-04 6.80041601e-04
  9.14007349e-04 1.17473677e-03 1.46203820e-03 1.77516803e-03
  2.11280466e-03 2.47305996e-03]
 [1.04815621e-04 2.25627131e-04 3.63297591e-04 5.18596008e-04
  6.92159594e-04 8.84453314e-04 1.09572964e-03 1.32599163e-03
  1.57496274e-03 1.84206772e-03]
 [8.45320110e-05 1.80500218e-04 2.88495206e-04 4.09069160e-04
  5.42718371e-04 6.89863856e-04 8.50831000e-04 1.02582882e-03
  1.21493077e-03 1.41805787e-03]
 [6.97022551e-05 1.47872829e-04 2.34927260e-04 3.31265409e-04
  4.37262463e-04 5.53259394e-04 6.79552292e-04 8.16381169e-04
  9.63918672e-04 1.12225919e-03]]

