GLT vs GDH
X [ 5.70584 11.41168 17.11752 22.82336 28.5292  34.23504 39.94088 45.64672
 51.35256 57.0584 ]
Y [0.866573 1.733146 2.599719 3.466292 4.332865 5.199438 6.066011 6.932584
 7.799157 8.66573 ]
[[3.68242514e+10 7.36485028e+10 1.10472754e+11 1.47297006e+11
  1.84121257e+11 2.20945509e+11 2.57769760e+11 2.94594011e+11
  3.31418263e+11 3.68242514e+11]
 [7.36485028e+10 1.47297006e+11 2.20945509e+11 2.94594011e+11
  3.68242514e+11 4.41891017e+11 5.15539520e+11 5.89188023e+11
  6.62836526e+11 7.36485028e+11]
 [1.10472754e+11 2.20945509e+11 3.31418263e+11 4.41891017e+11
  5.52363771e+11 6.62836526e+11 7.73309280e+11 8.83782034e+11
  9.94254788e+11 1.10472754e+12]
 [1.47297006e+11 2.94594011e+11 4.41891017e+11 5.89188023e+11
  7.36485028e+11 8.83782034e+11 1.03107904e+12 1.17837605e+12
  1.32567305e+12 1.47297006e+12]
 [1.84121257e+11 3.68242514e+11 5.52363771e+11 7.36485028e+11
  9.20606285e+11 1.10472754e+12 1.28884880e+12 1.47297006e+12
  1.65709131e+12 1.84121257e+12]
 [2.20945509e+11 4.41891017e+11 6.62836526e+11 8.83782034e+11
  1.10472754e+12 1.32567305e+12 1.54661856e+12 1.76756407e+12
  1.98850958e+12 2.20945509e+12]
 [2.57769760e+11 5.15539520e+11 7.73309280e+11 1.03107904e+12
  1.28884880e+12 1.54661856e+12 1.80438832e+12 2.06215808e+12
  2.31992784e+12 2.57769760e+12]
 [2.94594011e+11 5.89188023e+11 8.83782034e+11 1.17837605e+12
  1.47297006e+12 1.76756407e+12 2.06215808e+12 2.35675209e+12
  2.65134610e+12 2.94594011e+12]
 [3.31418263e+11 6.62836526e+11 9.94254788e+11 1.32567305e+12
  1.65709131e+12 1.98850958e+12 2.31992784e+12 2.65134610e+12
  2.98276436e+12 3.31418263e+12]
 [3.68242514e+11 7.36485028e+11 1.10472754e+12 1.47297006e+12
  1.84121257e+12 2.20945509e+12 2.57769760e+12 2.94594011e+12
  3.31418263e+12 3.68242514e+12]]

GLT vs GDH
X [ 5.70584 11.41168 17.11752 22.82336 28.5292  34.23504 39.94088 45.64672
 51.35256 57.0584 ]
Y [0.866573 1.733146 2.599719 3.466292 4.332865 5.199438 6.066011 6.932584
 7.799157 8.66573 ]
[[3.68242514e+10 7.36485028e+10 1.10472754e+11 1.47297006e+11
  1.84121257e+11 2.20945509e+11 2.57769760e+11 2.94594011e+11
  3.31418263e+11 3.68242514e+11]
 [7.36485028e+10 1.47297006e+11 2.20945509e+11 2.94594011e+11
  3.68242514e+11 4.41891017e+11 5.15539520e+11 5.89188023e+11
  6.62836526e+11 7.36485028e+11]
 [1.10472754e+11 2.20945509e+11 3.31418263e+11 4.41891017e+11
  5.52363771e+11 6.62836526e+11 7.73309280e+11 8.83782034e+11
  9.94254788e+11 1.10472754e+12]
 [1.47297006e+11 2.94594011e+11 4.41891017e+11 5.89188023e+11
  7.36485028e+11 8.83782034e+11 1.03107904e+12 1.17837605e+12
  1.32567305e+12 1.47297006e+12]
 [1.84121257e+11 3.68242514e+11 5.52363771e+11 7.36485028e+11
  9.20606285e+11 1.10472754e+12 1.28884880e+12 1.47297006e+12
  1.65709131e+12 1.84121257e+12]
 [2.20945509e+11 4.41891017e+11 6.62836526e+11 8.83782034e+11
  1.10472754e+12 1.32567305e+12 1.54661856e+12 1.76756407e+12
  1.98850958e+12 2.20945509e+12]
 [2.57769760e+11 5.15539520e+11 7.73309280e+11 1.03107904e+12
  1.28884880e+12 1.54661856e+12 1.80438832e+12 2.06215808e+12
  2.31992784e+12 2.57769760e+12]
 [2.94594011e+11 5.89188023e+11 8.83782034e+11 1.17837605e+12
  1.47297006e+12 1.76756407e+12 2.06215808e+12 2.35675209e+12
  2.65134610e+12 2.94594011e+12]
 [3.31418263e+11 6.62836526e+11 9.94254788e+11 1.32567305e+12
  1.65709131e+12 1.98850958e+12 2.31992784e+12 2.65134610e+12
  2.98276436e+12 3.31418263e+12]
 [3.68242514e+11 7.36485028e+11 1.10472754e+12 1.47297006e+12
  1.84121257e+12 2.20945509e+12 2.57769760e+12 2.94594011e+12
  3.31418263e+12 3.68242514e+12]]

GLT vs GDH
X [ 5.70584 11.41168 17.11752 22.82336 28.5292  34.23504 39.94088 45.64672
 51.35256 57.0584 ]
Y [0.866573 1.733146 2.599719 3.466292 4.332865 5.199438 6.066011 6.932584
 7.799157 8.66573 ]
[[3.43856598e+16 3.43076618e+16 3.43395627e+16 3.43738544e+16
  3.43004075e+16 3.43118365e+16 3.43376661e+16 3.43326999e+16
  3.43345618e+16 3.43541681e+16]
 [3.43509394e+16 3.43690504e+16 3.43489382e+16 3.43487895e+16
  3.43587089e+16 3.43411359e+16 3.43549264e+16 3.43333431e+16
  3.43403288e+16 3.43498700e+16]
 [3.43630909e+16 3.43531961e+16 3.43371133e+16 3.43579488e+16
  3.43270207e+16 3.43272886e+16 3.43485467e+16 3.43412458e+16
  3.43261152e+16 3.43648769e+16]
 [3.43803721e+16 3.43549291e+16 3.43449005e+16 3.43722064e+16
  3.43810084e+16 3.43122704e+16 3.43482010e+16 3.43531192e+16
  3.43550598e+16 3.43205318e+16]
 [3.43296755e+16 3.43165242e+16 3.43513751e+16 3.43459136e+16
  3.42989011e+16 3.43524133e+16 3.43371381e+16 3.43438174e+16
  3.43483333e+16 3.43315060e+16]
 [3.43376059e+16 3.43494296e+16 3.43285656e+16 3.43463797e+16
  3.43140210e+16 3.43351598e+16 3.43365656e+16 3.43534744e+16
  3.43700221e+16 3.43397711e+16]
 [3.43362550e+16 3.43855009e+16 3.43562466e+16 3.43408406e+16
  3.43353189e+16 3.43250871e+16 3.43327232e+16 3.43049102e+16
  3.43404480e+16 3.43279434e+16]
 [3.43547868e+16 3.43923874e+16 3.43445246e+16 3.43355186e+16
  3.43981475e+16 3.43362055e+16 3.43373975e+16 3.43405129e+16
  3.43269271e+16 3.43441071e+16]
 [3.43308841e+16 3.43662640e+16 3.43046965e+16 3.43763409e+16
  3.43453813e+16 3.43400996e+16 3.43387790e+16 3.43449197e+16
  3.43477652e+16 3.43420200e+16]
 [3.43256473e+16 3.43152497e+16 3.43260530e+16 3.43391243e+16
  3.43400722e+16 3.42889989e+16 3.43550016e+16 3.43235266e+16
  3.43336049e+16 3.43231797e+16]]

