CITRA_SYN vs ATP_syn
X [0.4 0.8 1.2 1.6 2.  2.4 2.8 3.2 3.6 4. ]
Y [ 10.8733  21.7466  32.6199  43.4932  54.3665  65.2398  76.1131  86.9864
  97.8597 108.733 ]
[[3.23914617e+10 6.47829234e+10 9.71743851e+10 1.29565847e+11
  1.61957308e+11 1.94348770e+11 2.26740232e+11 2.59131693e+11
  2.91523155e+11 3.23914617e+11]
 [6.47829234e+10 1.29565847e+11 1.94348770e+11 2.59131693e+11
  3.23914617e+11 3.88697540e+11 4.53480464e+11 5.18263387e+11
  5.83046310e+11 6.47829234e+11]
 [9.71743851e+10 1.94348770e+11 2.91523155e+11 3.88697540e+11
  4.85871925e+11 5.83046310e+11 6.80220695e+11 7.77395080e+11
  8.74569465e+11 9.71743851e+11]
 [1.29565847e+11 2.59131693e+11 3.88697540e+11 5.18263387e+11
  6.47829234e+11 7.77395080e+11 9.06960927e+11 1.03652677e+12
  1.16609262e+12 1.29565847e+12]
 [1.61957308e+11 3.23914617e+11 4.85871925e+11 6.47829234e+11
  8.09786542e+11 9.71743851e+11 1.13370116e+12 1.29565847e+12
  1.45761578e+12 1.61957308e+12]
 [1.94348770e+11 3.88697540e+11 5.83046310e+11 7.77395080e+11
  9.71743851e+11 1.16609262e+12 1.36044139e+12 1.55479016e+12
  1.74913893e+12 1.94348770e+12]
 [2.26740232e+11 4.53480464e+11 6.80220695e+11 9.06960927e+11
  1.13370116e+12 1.36044139e+12 1.58718162e+12 1.81392185e+12
  2.04066209e+12 2.26740232e+12]
 [2.59131693e+11 5.18263387e+11 7.77395080e+11 1.03652677e+12
  1.29565847e+12 1.55479016e+12 1.81392185e+12 2.07305355e+12
  2.33218524e+12 2.59131693e+12]
 [2.91523155e+11 5.83046310e+11 8.74569465e+11 1.16609262e+12
  1.45761578e+12 1.74913893e+12 2.04066209e+12 2.33218524e+12
  2.62370840e+12 2.91523155e+12]
 [3.23914617e+11 6.47829234e+11 9.71743851e+11 1.29565847e+12
  1.61957308e+12 1.94348770e+12 2.26740232e+12 2.59131693e+12
  2.91523155e+12 3.23914617e+12]]

CITRA_SYN vs ATP_syn
X [0.4 0.8 1.2 1.6 2.  2.4 2.8 3.2 3.6 4. ]
Y [ 10.8733  21.7466  32.6199  43.4932  54.3665  65.2398  76.1131  86.9864
  97.8597 108.733 ]
[[3.23914617e+10 6.47829234e+10 9.71743851e+10 1.29565847e+11
  1.61957308e+11 1.94348770e+11 2.26740232e+11 2.59131693e+11
  2.91523155e+11 3.23914617e+11]
 [6.47829234e+10 1.29565847e+11 1.94348770e+11 2.59131693e+11
  3.23914617e+11 3.88697540e+11 4.53480464e+11 5.18263387e+11
  5.83046310e+11 6.47829234e+11]
 [9.71743851e+10 1.94348770e+11 2.91523155e+11 3.88697540e+11
  4.85871925e+11 5.83046310e+11 6.80220695e+11 7.77395080e+11
  8.74569465e+11 9.71743851e+11]
 [1.29565847e+11 2.59131693e+11 3.88697540e+11 5.18263387e+11
  6.47829234e+11 7.77395080e+11 9.06960927e+11 1.03652677e+12
  1.16609262e+12 1.29565847e+12]
 [1.61957308e+11 3.23914617e+11 4.85871925e+11 6.47829234e+11
  8.09786542e+11 9.71743851e+11 1.13370116e+12 1.29565847e+12
  1.45761578e+12 1.61957308e+12]
 [1.94348770e+11 3.88697540e+11 5.83046310e+11 7.77395080e+11
  9.71743851e+11 1.16609262e+12 1.36044139e+12 1.55479016e+12
  1.74913893e+12 1.94348770e+12]
 [2.26740232e+11 4.53480464e+11 6.80220695e+11 9.06960927e+11
  1.13370116e+12 1.36044139e+12 1.58718162e+12 1.81392185e+12
  2.04066209e+12 2.26740232e+12]
 [2.59131693e+11 5.18263387e+11 7.77395080e+11 1.03652677e+12
  1.29565847e+12 1.55479016e+12 1.81392185e+12 2.07305355e+12
  2.33218524e+12 2.59131693e+12]
 [2.91523155e+11 5.83046310e+11 8.74569465e+11 1.16609262e+12
  1.45761578e+12 1.74913893e+12 2.04066209e+12 2.33218524e+12
  2.62370840e+12 2.91523155e+12]
 [3.23914617e+11 6.47829234e+11 9.71743851e+11 1.29565847e+12
  1.61957308e+12 1.94348770e+12 2.26740232e+12 2.59131693e+12
  2.91523155e+12 3.23914617e+12]]

CITRA_SYN vs ATP_syn
X [0.4 0.8 1.2 1.6 2.  2.4 2.8 3.2 3.6 4. ]
Y [ 10.8733  21.7466  32.6199  43.4932  54.3665  65.2398  76.1131  86.9864
  97.8597 108.733 ]
[[3.43825129e+16 3.43645171e+16 3.43073757e+16 3.43215579e+16
  3.43526971e+16 3.43458562e+16 3.43698228e+16 3.43444813e+16
  3.43515255e+16 3.43188528e+16]
 [3.43355360e+16 3.43357970e+16 3.43340775e+16 3.43623009e+16
  3.43377168e+16 3.43168808e+16 3.43573926e+16 3.43356737e+16
  3.43610120e+16 3.43331020e+16]
 [3.43365011e+16 3.43401087e+16 3.43091566e+16 3.43208035e+16
  3.42970163e+16 3.43229553e+16 3.43521225e+16 3.43652371e+16
  3.43540184e+16 3.43652836e+16]
 [3.43169687e+16 3.43279495e+16 3.42931503e+16 3.43623865e+16
  3.43619970e+16 3.43302422e+16 3.43214509e+16 3.43265300e+16
  3.43540009e+16 3.43265334e+16]
 [3.43522588e+16 3.43104420e+16 3.43239994e+16 3.43163259e+16
  3.42940673e+16 3.43436363e+16 3.43284450e+16 3.43336510e+16
  3.43443209e+16 3.43476115e+16]
 [3.43639223e+16 3.43298093e+16 3.43616713e+16 3.43469812e+16
  3.43514165e+16 3.43213431e+16 3.43712178e+16 3.43269296e+16
  3.43371936e+16 3.43487951e+16]
 [3.43522585e+16 3.43310142e+16 3.43358413e+16 3.43075368e+16
  3.43362116e+16 3.43470201e+16 3.43811319e+16 3.43463097e+16
  3.43359889e+16 3.42972968e+16]
 [3.43105991e+16 3.43463587e+16 3.43391123e+16 3.43516011e+16
  3.42922575e+16 3.43650230e+16 3.43235396e+16 3.43334946e+16
  3.43903282e+16 3.43232130e+16]
 [3.43570387e+16 3.43574212e+16 3.43390341e+16 3.43533352e+16
  3.43576884e+16 3.43355363e+16 3.43722938e+16 3.43216216e+16
  3.43198275e+16 3.43365316e+16]
 [3.43184850e+16 3.43448441e+16 3.43218442e+16 3.43729258e+16
  3.43609651e+16 3.43690974e+16 3.43319316e+16 3.43572735e+16
  3.43782534e+16 3.43177621e+16]]

