LPD vs ATP_syn
X [0.00684413 0.01368826 0.02053239 0.02737652 0.03422065 0.04106478
 0.04790891 0.05475304 0.06159717 0.0684413 ]
Y [ 10.8733  21.7466  32.6199  43.4932  54.3665  65.2398  76.1131  86.9864
  97.8597 108.733 ]
[[5.54228437e+08 1.10845687e+09 1.66268531e+09 2.21691375e+09
  2.77114218e+09 3.32537062e+09 3.87959906e+09 4.43382749e+09
  4.98805593e+09 5.54228437e+09]
 [1.10845687e+09 2.21691375e+09 3.32537062e+09 4.43382749e+09
  5.54228437e+09 6.65074124e+09 7.75919811e+09 8.86765499e+09
  9.97611186e+09 1.10845687e+10]
 [1.66268531e+09 3.32537062e+09 4.98805593e+09 6.65074124e+09
  8.31342655e+09 9.97611186e+09 1.16387972e+10 1.33014825e+10
  1.49641678e+10 1.66268531e+10]
 [2.21691375e+09 4.43382749e+09 6.65074124e+09 8.86765499e+09
  1.10845687e+10 1.33014825e+10 1.55183962e+10 1.77353100e+10
  1.99522237e+10 2.21691375e+10]
 [2.77114218e+09 5.54228437e+09 8.31342655e+09 1.10845687e+10
  1.38557109e+10 1.66268531e+10 1.93979953e+10 2.21691375e+10
  2.49402796e+10 2.77114218e+10]
 [3.32537062e+09 6.65074124e+09 9.97611186e+09 1.33014825e+10
  1.66268531e+10 1.99522237e+10 2.32775943e+10 2.66029650e+10
  2.99283356e+10 3.32537062e+10]
 [3.87959906e+09 7.75919811e+09 1.16387972e+10 1.55183962e+10
  1.93979953e+10 2.32775943e+10 2.71571934e+10 3.10367925e+10
  3.49163915e+10 3.87959906e+10]
 [4.43382749e+09 8.86765499e+09 1.33014825e+10 1.77353100e+10
  2.21691375e+10 2.66029650e+10 3.10367925e+10 3.54706199e+10
  3.99044474e+10 4.43382749e+10]
 [4.98805593e+09 9.97611186e+09 1.49641678e+10 1.99522237e+10
  2.49402796e+10 2.99283356e+10 3.49163915e+10 3.99044474e+10
  4.48925034e+10 4.98805593e+10]
 [5.54228437e+09 1.10845687e+10 1.66268531e+10 2.21691375e+10
  2.77114218e+10 3.32537062e+10 3.87959906e+10 4.43382749e+10
  4.98805593e+10 5.54228437e+10]]

LPD vs ATP_syn
X [0.00684413 0.01368826 0.02053239 0.02737652 0.03422065 0.04106478
 0.04790891 0.05475304 0.06159717 0.0684413 ]
Y [ 10.8733  21.7466  32.6199  43.4932  54.3665  65.2398  76.1131  86.9864
  97.8597 108.733 ]
[[5.54228437e+08 1.10845687e+09 1.66268531e+09 2.21691375e+09
  2.77114218e+09 3.32537062e+09 3.87959906e+09 4.43382749e+09
  4.98805593e+09 5.54228437e+09]
 [1.10845687e+09 2.21691375e+09 3.32537062e+09 4.43382749e+09
  5.54228437e+09 6.65074124e+09 7.75919811e+09 8.86765499e+09
  9.97611186e+09 1.10845687e+10]
 [1.66268531e+09 3.32537062e+09 4.98805593e+09 6.65074124e+09
  8.31342655e+09 9.97611186e+09 1.16387972e+10 1.33014825e+10
  1.49641678e+10 1.66268531e+10]
 [2.21691375e+09 4.43382749e+09 6.65074124e+09 8.86765499e+09
  1.10845687e+10 1.33014825e+10 1.55183962e+10 1.77353100e+10
  1.99522237e+10 2.21691375e+10]
 [2.77114218e+09 5.54228437e+09 8.31342655e+09 1.10845687e+10
  1.38557109e+10 1.66268531e+10 1.93979953e+10 2.21691375e+10
  2.49402796e+10 2.77114218e+10]
 [3.32537062e+09 6.65074124e+09 9.97611186e+09 1.33014825e+10
  1.66268531e+10 1.99522237e+10 2.32775943e+10 2.66029650e+10
  2.99283356e+10 3.32537062e+10]
 [3.87959906e+09 7.75919811e+09 1.16387972e+10 1.55183962e+10
  1.93979953e+10 2.32775943e+10 2.71571934e+10 3.10367925e+10
  3.49163915e+10 3.87959906e+10]
 [4.43382749e+09 8.86765499e+09 1.33014825e+10 1.77353100e+10
  2.21691375e+10 2.66029650e+10 3.10367925e+10 3.54706199e+10
  3.99044474e+10 4.43382749e+10]
 [4.98805593e+09 9.97611186e+09 1.49641678e+10 1.99522237e+10
  2.49402796e+10 2.99283356e+10 3.49163915e+10 3.99044474e+10
  4.48925034e+10 4.98805593e+10]
 [5.54228437e+09 1.10845687e+10 1.66268531e+10 2.21691375e+10
  2.77114218e+10 3.32537062e+10 3.87959906e+10 4.43382749e+10
  4.98805593e+10 5.54228437e+10]]

LPD vs ATP_syn
X [0.00684413 0.01368826 0.02053239 0.02737652 0.03422065 0.04106478
 0.04790891 0.05475304 0.06159717 0.0684413 ]
Y [ 10.8733  21.7466  32.6199  43.4932  54.3665  65.2398  76.1131  86.9864
  97.8597 108.733 ]
[[3.43648614e+16 3.43490038e+16 3.43556486e+16 3.43254935e+16
  3.43570015e+16 3.43462834e+16 3.43661273e+16 3.43545039e+16
  3.43791675e+16 3.43309755e+16]
 [3.43382937e+16 3.42922403e+16 3.43486672e+16 3.43490151e+16
  3.43838738e+16 3.43710070e+16 3.43371245e+16 3.43777015e+16
  3.43479031e+16 3.43461170e+16]
 [3.43370842e+16 3.43264469e+16 3.43097335e+16 3.43641229e+16
  3.43467933e+16 3.43153006e+16 3.43451254e+16 3.43249398e+16
  3.43222949e+16 3.43270124e+16]
 [3.43407296e+16 3.43521104e+16 3.43234749e+16 3.43481487e+16
  3.43303312e+16 3.43076889e+16 3.43418458e+16 3.43086897e+16
  3.43407610e+16 3.43412617e+16]
 [3.43402798e+16 3.43117277e+16 3.43148030e+16 3.43313145e+16
  3.43208979e+16 3.43648245e+16 3.43558554e+16 3.43765845e+16
  3.43624845e+16 3.43277640e+16]
 [3.43430844e+16 3.43244785e+16 3.43518839e+16 3.43379415e+16
  3.43554610e+16 3.42927034e+16 3.43133645e+16 3.43705936e+16
  3.43466950e+16 3.43128236e+16]
 [3.43205424e+16 3.43460560e+16 3.43541744e+16 3.43548758e+16
  3.43626991e+16 3.43282145e+16 3.43438354e+16 3.43159157e+16
  3.43839124e+16 3.43057252e+16]
 [3.43121408e+16 3.43361397e+16 3.43594265e+16 3.43346411e+16
  3.43228638e+16 3.43637794e+16 3.43814224e+16 3.43636517e+16
  3.43172789e+16 3.43478261e+16]
 [3.43496969e+16 3.43449073e+16 3.43538437e+16 3.43530485e+16
  3.43490160e+16 3.43518868e+16 3.43787999e+16 3.43351930e+16
  3.43367773e+16 3.43916886e+16]
 [3.43421583e+16 3.43324582e+16 3.43449871e+16 3.43484576e+16
  3.43357521e+16 3.43361115e+16 3.43393612e+16 3.43261158e+16
  3.43315294e+16 3.43476207e+16]]

