CITRA_SYN vs GDH
X [0.4 0.8 1.2 1.6 2.  2.4 2.8 3.2 3.6 4. ]
Y [0.866573 1.733146 2.599719 3.466292 4.332865 5.199438 6.066011 6.932584
 7.799157 8.66573 ]
[[2.58151308e+09 5.16302615e+09 7.74453923e+09 1.03260523e+10
  1.29075654e+10 1.54890785e+10 1.80705915e+10 2.06521046e+10
  2.32336177e+10 2.58151308e+10]
 [5.16302615e+09 1.03260523e+10 1.54890785e+10 2.06521046e+10
  2.58151308e+10 3.09781569e+10 3.61411831e+10 4.13042092e+10
  4.64672354e+10 5.16302615e+10]
 [7.74453923e+09 1.54890785e+10 2.32336177e+10 3.09781569e+10
  3.87226961e+10 4.64672354e+10 5.42117746e+10 6.19563138e+10
  6.97008530e+10 7.74453923e+10]
 [1.03260523e+10 2.06521046e+10 3.09781569e+10 4.13042092e+10
  5.16302615e+10 6.19563138e+10 7.22823661e+10 8.26084184e+10
  9.29344707e+10 1.03260523e+11]
 [1.29075654e+10 2.58151308e+10 3.87226961e+10 5.16302615e+10
  6.45378269e+10 7.74453923e+10 9.03529576e+10 1.03260523e+11
  1.16168088e+11 1.29075654e+11]
 [1.54890785e+10 3.09781569e+10 4.64672354e+10 6.19563138e+10
  7.74453923e+10 9.29344707e+10 1.08423549e+11 1.23912628e+11
  1.39401706e+11 1.54890785e+11]
 [1.80705915e+10 3.61411831e+10 5.42117746e+10 7.22823661e+10
  9.03529576e+10 1.08423549e+11 1.26494141e+11 1.44564732e+11
  1.62635324e+11 1.80705915e+11]
 [2.06521046e+10 4.13042092e+10 6.19563138e+10 8.26084184e+10
  1.03260523e+11 1.23912628e+11 1.44564732e+11 1.65216837e+11
  1.85868941e+11 2.06521046e+11]
 [2.32336177e+10 4.64672354e+10 6.97008530e+10 9.29344707e+10
  1.16168088e+11 1.39401706e+11 1.62635324e+11 1.85868941e+11
  2.09102559e+11 2.32336177e+11]
 [2.58151308e+10 5.16302615e+10 7.74453923e+10 1.03260523e+11
  1.29075654e+11 1.54890785e+11 1.80705915e+11 2.06521046e+11
  2.32336177e+11 2.58151308e+11]]

CITRA_SYN vs GDH
X [0.4 0.8 1.2 1.6 2.  2.4 2.8 3.2 3.6 4. ]
Y [0.866573 1.733146 2.599719 3.466292 4.332865 5.199438 6.066011 6.932584
 7.799157 8.66573 ]
[[2.58151308e+09 5.16302615e+09 7.74453923e+09 1.03260523e+10
  1.29075654e+10 1.54890785e+10 1.80705915e+10 2.06521046e+10
  2.32336177e+10 2.58151308e+10]
 [5.16302615e+09 1.03260523e+10 1.54890785e+10 2.06521046e+10
  2.58151308e+10 3.09781569e+10 3.61411831e+10 4.13042092e+10
  4.64672354e+10 5.16302615e+10]
 [7.74453923e+09 1.54890785e+10 2.32336177e+10 3.09781569e+10
  3.87226961e+10 4.64672354e+10 5.42117746e+10 6.19563138e+10
  6.97008530e+10 7.74453923e+10]
 [1.03260523e+10 2.06521046e+10 3.09781569e+10 4.13042092e+10
  5.16302615e+10 6.19563138e+10 7.22823661e+10 8.26084184e+10
  9.29344707e+10 1.03260523e+11]
 [1.29075654e+10 2.58151308e+10 3.87226961e+10 5.16302615e+10
  6.45378269e+10 7.74453923e+10 9.03529576e+10 1.03260523e+11
  1.16168088e+11 1.29075654e+11]
 [1.54890785e+10 3.09781569e+10 4.64672354e+10 6.19563138e+10
  7.74453923e+10 9.29344707e+10 1.08423549e+11 1.23912628e+11
  1.39401706e+11 1.54890785e+11]
 [1.80705915e+10 3.61411831e+10 5.42117746e+10 7.22823661e+10
  9.03529576e+10 1.08423549e+11 1.26494141e+11 1.44564732e+11
  1.62635324e+11 1.80705915e+11]
 [2.06521046e+10 4.13042092e+10 6.19563138e+10 8.26084184e+10
  1.03260523e+11 1.23912628e+11 1.44564732e+11 1.65216837e+11
  1.85868941e+11 2.06521046e+11]
 [2.32336177e+10 4.64672354e+10 6.97008530e+10 9.29344707e+10
  1.16168088e+11 1.39401706e+11 1.62635324e+11 1.85868941e+11
  2.09102559e+11 2.32336177e+11]
 [2.58151308e+10 5.16302615e+10 7.74453923e+10 1.03260523e+11
  1.29075654e+11 1.54890785e+11 1.80705915e+11 2.06521046e+11
  2.32336177e+11 2.58151308e+11]]

CITRA_SYN vs GDH
X [0.4 0.8 1.2 1.6 2.  2.4 2.8 3.2 3.6 4. ]
Y [0.866573 1.733146 2.599719 3.466292 4.332865 5.199438 6.066011 6.932584
 7.799157 8.66573 ]
[[3.43206350e+16 3.43489384e+16 3.43416731e+16 3.43378780e+16
  3.43484545e+16 3.43779507e+16 3.43089227e+16 3.43496521e+16
  3.43635058e+16 3.43216760e+16]
 [3.43355793e+16 3.42953182e+16 3.43264248e+16 3.43535405e+16
  3.43645298e+16 3.43198702e+16 3.43351153e+16 3.43437993e+16
  3.43255439e+16 3.42979852e+16]
 [3.42951177e+16 3.43459383e+16 3.43654315e+16 3.43450665e+16
  3.43163525e+16 3.43312996e+16 3.43313898e+16 3.43428472e+16
  3.43476118e+16 3.43013313e+16]
 [3.43325602e+16 3.43421066e+16 3.43439486e+16 3.43340796e+16
  3.43482828e+16 3.43866731e+16 3.43452111e+16 3.43018264e+16
  3.43250013e+16 3.43344185e+16]
 [3.43291238e+16 3.43345584e+16 3.43356238e+16 3.43357247e+16
  3.43381847e+16 3.43666669e+16 3.43035304e+16 3.43382721e+16
  3.43564207e+16 3.43463956e+16]
 [3.43724887e+16 3.43538920e+16 3.43401690e+16 3.43533205e+16
  3.43580615e+16 3.43370997e+16 3.43651659e+16 3.43158637e+16
  3.43382019e+16 3.43348004e+16]
 [3.43192051e+16 3.43275373e+16 3.43520493e+16 3.43501230e+16
  3.43383241e+16 3.43439562e+16 3.43475212e+16 3.43647848e+16
  3.43599593e+16 3.43415716e+16]
 [3.43388854e+16 3.43538916e+16 3.43638343e+16 3.43638801e+16
  3.43752117e+16 3.43788004e+16 3.43287262e+16 3.43367285e+16
  3.43759646e+16 3.43210874e+16]
 [3.43110383e+16 3.43795638e+16 3.43241726e+16 3.43346581e+16
  3.43833955e+16 3.43598007e+16 3.43210621e+16 3.43193902e+16
  3.43343445e+16 3.43382830e+16]
 [3.43344798e+16 3.43305134e+16 3.43702365e+16 3.43384899e+16
  3.43464373e+16 3.43080612e+16 3.44055805e+16 3.43449551e+16
  3.43716655e+16 3.43419533e+16]]

