LPD vs GDH
X [0.00684413 0.01368826 0.02053239 0.02737652 0.03422065 0.04106478
 0.04790891 0.05475304 0.06159717 0.0684413 ]
Y [0.866573 1.733146 2.599719 3.466292 4.332865 5.199438 6.066011 6.932584
 7.799157 8.66573 ]
[[4.41705277e+07 8.83410554e+07 1.32511583e+08 1.76682111e+08
  2.20852639e+08 2.65023166e+08 3.09193694e+08 3.53364222e+08
  3.97534749e+08 4.41705277e+08]
 [8.83410554e+07 1.76682111e+08 2.65023166e+08 3.53364222e+08
  4.41705277e+08 5.30046333e+08 6.18387388e+08 7.06728443e+08
  7.95069499e+08 8.83410554e+08]
 [1.32511583e+08 2.65023166e+08 3.97534749e+08 5.30046333e+08
  6.62557916e+08 7.95069499e+08 9.27581082e+08 1.06009267e+09
  1.19260425e+09 1.32511583e+09]
 [1.76682111e+08 3.53364222e+08 5.30046333e+08 7.06728443e+08
  8.83410554e+08 1.06009267e+09 1.23677478e+09 1.41345689e+09
  1.59013900e+09 1.76682111e+09]
 [2.20852639e+08 4.41705277e+08 6.62557916e+08 8.83410554e+08
  1.10426319e+09 1.32511583e+09 1.54596847e+09 1.76682111e+09
  1.98767375e+09 2.20852639e+09]
 [2.65023166e+08 5.30046333e+08 7.95069499e+08 1.06009267e+09
  1.32511583e+09 1.59013900e+09 1.85516216e+09 2.12018533e+09
  2.38520850e+09 2.65023166e+09]
 [3.09193694e+08 6.18387388e+08 9.27581082e+08 1.23677478e+09
  1.54596847e+09 1.85516216e+09 2.16435586e+09 2.47354955e+09
  2.78274325e+09 3.09193694e+09]
 [3.53364222e+08 7.06728443e+08 1.06009267e+09 1.41345689e+09
  1.76682111e+09 2.12018533e+09 2.47354955e+09 2.82691377e+09
  3.18027800e+09 3.53364222e+09]
 [3.97534749e+08 7.95069499e+08 1.19260425e+09 1.59013900e+09
  1.98767375e+09 2.38520850e+09 2.78274325e+09 3.18027800e+09
  3.57781274e+09 3.97534749e+09]
 [4.41705277e+08 8.83410554e+08 1.32511583e+09 1.76682111e+09
  2.20852639e+09 2.65023166e+09 3.09193694e+09 3.53364222e+09
  3.97534749e+09 4.41705277e+09]]

LPD vs GDH
X [0.00684413 0.01368826 0.02053239 0.02737652 0.03422065 0.04106478
 0.04790891 0.05475304 0.06159717 0.0684413 ]
Y [0.866573 1.733146 2.599719 3.466292 4.332865 5.199438 6.066011 6.932584
 7.799157 8.66573 ]
[[4.41705277e+07 8.83410554e+07 1.32511583e+08 1.76682111e+08
  2.20852639e+08 2.65023166e+08 3.09193694e+08 3.53364222e+08
  3.97534749e+08 4.41705277e+08]
 [8.83410554e+07 1.76682111e+08 2.65023166e+08 3.53364222e+08
  4.41705277e+08 5.30046333e+08 6.18387388e+08 7.06728443e+08
  7.95069499e+08 8.83410554e+08]
 [1.32511583e+08 2.65023166e+08 3.97534749e+08 5.30046333e+08
  6.62557916e+08 7.95069499e+08 9.27581082e+08 1.06009267e+09
  1.19260425e+09 1.32511583e+09]
 [1.76682111e+08 3.53364222e+08 5.30046333e+08 7.06728443e+08
  8.83410554e+08 1.06009267e+09 1.23677478e+09 1.41345689e+09
  1.59013900e+09 1.76682111e+09]
 [2.20852639e+08 4.41705277e+08 6.62557916e+08 8.83410554e+08
  1.10426319e+09 1.32511583e+09 1.54596847e+09 1.76682111e+09
  1.98767375e+09 2.20852639e+09]
 [2.65023166e+08 5.30046333e+08 7.95069499e+08 1.06009267e+09
  1.32511583e+09 1.59013900e+09 1.85516216e+09 2.12018533e+09
  2.38520850e+09 2.65023166e+09]
 [3.09193694e+08 6.18387388e+08 9.27581082e+08 1.23677478e+09
  1.54596847e+09 1.85516216e+09 2.16435586e+09 2.47354955e+09
  2.78274325e+09 3.09193694e+09]
 [3.53364222e+08 7.06728443e+08 1.06009267e+09 1.41345689e+09
  1.76682111e+09 2.12018533e+09 2.47354955e+09 2.82691377e+09
  3.18027800e+09 3.53364222e+09]
 [3.97534749e+08 7.95069499e+08 1.19260425e+09 1.59013900e+09
  1.98767375e+09 2.38520850e+09 2.78274325e+09 3.18027800e+09
  3.57781274e+09 3.97534749e+09]
 [4.41705277e+08 8.83410554e+08 1.32511583e+09 1.76682111e+09
  2.20852639e+09 2.65023166e+09 3.09193694e+09 3.53364222e+09
  3.97534749e+09 4.41705277e+09]]

LPD vs GDH
X [0.00684413 0.01368826 0.02053239 0.02737652 0.03422065 0.04106478
 0.04790891 0.05475304 0.06159717 0.0684413 ]
Y [0.866573 1.733146 2.599719 3.466292 4.332865 5.199438 6.066011 6.932584
 7.799157 8.66573 ]
[[3.43630799e+16 3.43409781e+16 3.43580082e+16 3.43362619e+16
  3.43054814e+16 3.43368196e+16 3.43421838e+16 3.43124467e+16
  3.43103863e+16 3.43476646e+16]
 [3.43738024e+16 3.43610890e+16 3.43439108e+16 3.43295774e+16
  3.43725687e+16 3.43393980e+16 3.43594706e+16 3.43595816e+16
  3.43566013e+16 3.43533628e+16]
 [3.43622596e+16 3.43270192e+16 3.43681976e+16 3.43540128e+16
  3.43580496e+16 3.43624884e+16 3.43422128e+16 3.43641499e+16
  3.43405307e+16 3.43594101e+16]
 [3.43479754e+16 3.43430994e+16 3.43491026e+16 3.43447823e+16
  3.43942451e+16 3.43450159e+16 3.43546934e+16 3.43814081e+16
  3.43444369e+16 3.43317125e+16]
 [3.43560176e+16 3.43313193e+16 3.43464482e+16 3.43363780e+16
  3.43454362e+16 3.43634028e+16 3.43669438e+16 3.43231035e+16
  3.43367559e+16 3.43480659e+16]
 [3.43629636e+16 3.43439457e+16 3.43440721e+16 3.43705673e+16
  3.43211085e+16 3.43142870e+16 3.43334487e+16 3.43010197e+16
  3.43368408e+16 3.43280301e+16]
 [3.43790224e+16 3.43275193e+16 3.43533197e+16 3.43628821e+16
  3.43604445e+16 3.43681927e+16 3.43570621e+16 3.43011087e+16
  3.43391317e+16 3.43375986e+16]
 [3.43400824e+16 3.43366276e+16 3.43391062e+16 3.43179678e+16
  3.43660096e+16 3.43245943e+16 3.43367102e+16 3.43400697e+16
  3.43395760e+16 3.43565265e+16]
 [3.43395216e+16 3.43696852e+16 3.43064218e+16 3.43094533e+16
  3.43616238e+16 3.43214217e+16 3.43350894e+16 3.43395104e+16
  3.43500658e+16 3.43300206e+16]
 [3.43537608e+16 3.43483933e+16 3.43352074e+16 3.43538790e+16
  3.43414179e+16 3.43601367e+16 3.43038631e+16 3.43511746e+16
  3.43604547e+16 3.43491490e+16]]

