GDH vs ATP_syn
X [0.866573 1.733146 2.599719 3.466292 4.332865 5.199438 6.066011 6.932584
 7.799157 8.66573 ]
Y [ 10.8733  21.7466  32.6199  43.4932  54.3665  65.2398  76.1131  86.9864
  97.8597 108.733 ]
[[7.01739153e+10 1.40347831e+11 2.10521746e+11 2.80695661e+11
  3.50869577e+11 4.21043492e+11 4.91217407e+11 5.61391323e+11
  6.31565238e+11 7.01739153e+11]
 [1.40347831e+11 2.80695661e+11 4.21043492e+11 5.61391323e+11
  7.01739153e+11 8.42086984e+11 9.82434814e+11 1.12278265e+12
  1.26313048e+12 1.40347831e+12]
 [2.10521746e+11 4.21043492e+11 6.31565238e+11 8.42086984e+11
  1.05260873e+12 1.26313048e+12 1.47365222e+12 1.68417397e+12
  1.89469571e+12 2.10521746e+12]
 [2.80695661e+11 5.61391323e+11 8.42086984e+11 1.12278265e+12
  1.40347831e+12 1.68417397e+12 1.96486963e+12 2.24556529e+12
  2.52626095e+12 2.80695661e+12]
 [3.50869577e+11 7.01739153e+11 1.05260873e+12 1.40347831e+12
  1.75434788e+12 2.10521746e+12 2.45608704e+12 2.80695661e+12
  3.15782619e+12 3.50869577e+12]
 [4.21043492e+11 8.42086984e+11 1.26313048e+12 1.68417397e+12
  2.10521746e+12 2.52626095e+12 2.94730444e+12 3.36834794e+12
  3.78939143e+12 4.21043492e+12]
 [4.91217407e+11 9.82434814e+11 1.47365222e+12 1.96486963e+12
  2.45608704e+12 2.94730444e+12 3.43852185e+12 3.92973926e+12
  4.42095666e+12 4.91217407e+12]
 [5.61391323e+11 1.12278265e+12 1.68417397e+12 2.24556529e+12
  2.80695661e+12 3.36834794e+12 3.92973926e+12 4.49113058e+12
  5.05252190e+12 5.61391323e+12]
 [6.31565238e+11 1.26313048e+12 1.89469571e+12 2.52626095e+12
  3.15782619e+12 3.78939143e+12 4.42095666e+12 5.05252190e+12
  5.68408714e+12 6.31565238e+12]
 [7.01739153e+11 1.40347831e+12 2.10521746e+12 2.80695661e+12
  3.50869577e+12 4.21043492e+12 4.91217407e+12 5.61391323e+12
  6.31565238e+12 7.01739153e+12]]

GDH vs ATP_syn
X [0.866573 1.733146 2.599719 3.466292 4.332865 5.199438 6.066011 6.932584
 7.799157 8.66573 ]
Y [ 10.8733  21.7466  32.6199  43.4932  54.3665  65.2398  76.1131  86.9864
  97.8597 108.733 ]
[[7.01739153e+10 1.40347831e+11 2.10521746e+11 2.80695661e+11
  3.50869577e+11 4.21043492e+11 4.91217407e+11 5.61391323e+11
  6.31565238e+11 7.01739153e+11]
 [1.40347831e+11 2.80695661e+11 4.21043492e+11 5.61391323e+11
  7.01739153e+11 8.42086984e+11 9.82434814e+11 1.12278265e+12
  1.26313048e+12 1.40347831e+12]
 [2.10521746e+11 4.21043492e+11 6.31565238e+11 8.42086984e+11
  1.05260873e+12 1.26313048e+12 1.47365222e+12 1.68417397e+12
  1.89469571e+12 2.10521746e+12]
 [2.80695661e+11 5.61391323e+11 8.42086984e+11 1.12278265e+12
  1.40347831e+12 1.68417397e+12 1.96486963e+12 2.24556529e+12
  2.52626095e+12 2.80695661e+12]
 [3.50869577e+11 7.01739153e+11 1.05260873e+12 1.40347831e+12
  1.75434788e+12 2.10521746e+12 2.45608704e+12 2.80695661e+12
  3.15782619e+12 3.50869577e+12]
 [4.21043492e+11 8.42086984e+11 1.26313048e+12 1.68417397e+12
  2.10521746e+12 2.52626095e+12 2.94730444e+12 3.36834794e+12
  3.78939143e+12 4.21043492e+12]
 [4.91217407e+11 9.82434814e+11 1.47365222e+12 1.96486963e+12
  2.45608704e+12 2.94730444e+12 3.43852185e+12 3.92973926e+12
  4.42095666e+12 4.91217407e+12]
 [5.61391323e+11 1.12278265e+12 1.68417397e+12 2.24556529e+12
  2.80695661e+12 3.36834794e+12 3.92973926e+12 4.49113058e+12
  5.05252190e+12 5.61391323e+12]
 [6.31565238e+11 1.26313048e+12 1.89469571e+12 2.52626095e+12
  3.15782619e+12 3.78939143e+12 4.42095666e+12 5.05252190e+12
  5.68408714e+12 6.31565238e+12]
 [7.01739153e+11 1.40347831e+12 2.10521746e+12 2.80695661e+12
  3.50869577e+12 4.21043492e+12 4.91217407e+12 5.61391323e+12
  6.31565238e+12 7.01739153e+12]]

GDH vs ATP_syn
X [0.866573 1.733146 2.599719 3.466292 4.332865 5.199438 6.066011 6.932584
 7.799157 8.66573 ]
Y [ 10.8733  21.7466  32.6199  43.4932  54.3665  65.2398  76.1131  86.9864
  97.8597 108.733 ]
[[3.43820693e+16 3.43299808e+16 3.43430153e+16 3.43490441e+16
  3.43168863e+16 3.43797549e+16 3.43334148e+16 3.43446775e+16
  3.43471440e+16 3.43693375e+16]
 [3.43374140e+16 3.43099415e+16 3.43507503e+16 3.43567735e+16
  3.43062111e+16 3.43637224e+16 3.43563723e+16 3.43183693e+16
  3.43633014e+16 3.43224003e+16]
 [3.43589072e+16 3.43830305e+16 3.43482011e+16 3.43436676e+16
  3.43647978e+16 3.43560480e+16 3.43683703e+16 3.43485125e+16
  3.43108206e+16 3.43105566e+16]
 [3.43579021e+16 3.43583741e+16 3.43313757e+16 3.43329877e+16
  3.43729016e+16 3.43522970e+16 3.43537023e+16 3.43300281e+16
  3.43276035e+16 3.43534580e+16]
 [3.43434882e+16 3.43536485e+16 3.43433616e+16 3.43400035e+16
  3.43237577e+16 3.43330014e+16 3.43463990e+16 3.43456606e+16
  3.43572871e+16 3.43595117e+16]
 [3.43560951e+16 3.43386890e+16 3.43636188e+16 3.43376279e+16
  3.43518382e+16 3.43726365e+16 3.43553441e+16 3.43766822e+16
  3.43437711e+16 3.43341814e+16]
 [3.43774553e+16 3.43208794e+16 3.43302074e+16 3.43238046e+16
  3.43681557e+16 3.43792070e+16 3.43265968e+16 3.43308183e+16
  3.43323929e+16 3.43886013e+16]
 [3.43585392e+16 3.43347561e+16 3.43548338e+16 3.43556923e+16
  3.43615894e+16 3.43340614e+16 3.43477214e+16 3.43586251e+16
  3.43757338e+16 3.43338849e+16]
 [3.43488112e+16 3.43226128e+16 3.43411811e+16 3.43554767e+16
  3.43623521e+16 3.43308016e+16 3.43542090e+16 3.43290394e+16
  3.43622944e+16 3.43407149e+16]
 [3.43425864e+16 3.43285727e+16 3.43398406e+16 3.43441026e+16
  3.43255689e+16 3.43593922e+16 3.43280693e+16 3.43288936e+16
  3.42894428e+16 3.43568043e+16]]

